p cnf 112 224 

 -1 -5 0
 -2 -6 0
 -1 -7 0
 -2 -8 0
 -3 -5 0
 -4 -6 0
 -3 -7 0
 -4 -8 0
 -29 -33 0
 -30 -34 0
 -29 -35 0
 -30 -36 0
 -31 -33 0
 -32 -34 0
 -31 -35 0
 -32 -36 0
 -57 -61 0
 -58 -62 0
 -57 -63 0
 -58 -64 0
 -59 -61 0
 -60 -62 0
 -59 -63 0
 -60 -64 0
 -85 -89 0
 -86 -90 0
 -85 -91 0
 -86 -92 0
 -87 -89 0
 -88 -90 0
 -87 -91 0
 -88 -92 0
 -5 -9 0
 -6 -10 0
 -5 -11 0
 -6 -12 0
 -7 -9 0
 -8 -10 0
 -7 -11 0
 -8 -12 0
 -33 -37 0
 -34 -38 0
 -33 -39 0
 -34 -40 0
 -35 -37 0
 -36 -38 0
 -35 -39 0
 -36 -40 0
 -61 -65 0
 -62 -66 0
 -61 -67 0
 -62 -68 0
 -63 -65 0
 -64 -66 0
 -63 -67 0
 -64 -68 0
 -89 -93 0
 -90 -94 0
 -89 -95 0
 -90 -96 0
 -91 -93 0
 -92 -94 0
 -91 -95 0
 -92 -96 0
 -9 -13 0
 -10 -14 0
 -9 -15 0
 -10 -16 0
 -11 -13 0
 -12 -14 0
 -11 -15 0
 -12 -16 0
 -37 -41 0
 -38 -42 0
 -37 -43 0
 -38 -44 0
 -39 -41 0
 -40 -42 0
 -39 -43 0
 -40 -44 0
 -65 -69 0
 -66 -70 0
 -65 -71 0
 -66 -72 0
 -67 -69 0
 -68 -70 0
 -67 -71 0
 -68 -72 0
 -93 -97 0
 -94 -98 0
 -93 -99 0
 -94 -100 0
 -95 -97 0
 -96 -98 0
 -95 -99 0
 -96 -100 0
 -13 -17 0
 -14 -18 0
 -13 -19 0
 -14 -20 0
 -15 -17 0
 -16 -18 0
 -15 -19 0
 -16 -20 0
 -41 -45 0
 -42 -46 0
 -41 -47 0
 -42 -48 0
 -43 -45 0
 -44 -46 0
 -43 -47 0
 -44 -48 0
 -69 -73 0
 -70 -74 0
 -69 -75 0
 -70 -76 0
 -71 -73 0
 -72 -74 0
 -71 -75 0
 -72 -76 0
 -97 -101 0
 -98 -102 0
 -97 -103 0
 -98 -104 0
 -99 -101 0
 -100 -102 0
 -99 -103 0
 -100 -104 0
 -17 -21 0
 -18 -22 0
 -17 -23 0
 -18 -24 0
 -19 -21 0
 -20 -22 0
 -19 -23 0
 -20 -24 0
 -45 -49 0
 -46 -50 0
 -45 -51 0
 -46 -52 0
 -47 -49 0
 -48 -50 0
 -47 -51 0
 -48 -52 0
 -73 -77 0
 -74 -78 0
 -73 -79 0
 -74 -80 0
 -75 -77 0
 -76 -78 0
 -75 -79 0
 -76 -80 0
 -101 -105 0
 -102 -106 0
 -101 -107 0
 -102 -108 0
 -103 -105 0
 -104 -106 0
 -103 -107 0
 -104 -108 0
 -21 -25 0
 -22 -26 0
 -21 -27 0
 -22 -28 0
 -23 -25 0
 -24 -26 0
 -23 -27 0
 -24 -28 0
 -49 -53 0
 -50 -54 0
 -49 -55 0
 -50 -56 0
 -51 -53 0
 -52 -54 0
 -51 -55 0
 -52 -56 0
 -77 -81 0
 -78 -82 0
 -77 -83 0
 -78 -84 0
 -79 -81 0
 -80 -82 0
 -79 -83 0
 -80 -84 0
 -105 -109 0
 -106 -110 0
 -105 -111 0
 -106 -112 0
 -107 -109 0
 -108 -110 0
 -107 -111 0
 -108 -112 0
 -25 -29 0
 -26 -30 0
 -25 -31 0
 -26 -32 0
 -27 -29 0
 -28 -30 0
 -27 -31 0
 -28 -32 0
 -53 -57 0
 -54 -58 0
 -53 -59 0
 -54 -60 0
 -55 -57 0
 -56 -58 0
 -55 -59 0
 -56 -60 0
 -81 -85 0
 -82 -86 0
 -81 -87 0
 -82 -88 0
 -83 -85 0
 -84 -86 0
 -83 -87 0
 -84 -88 0
 -109 -113 0
 -110 -114 0
 -109 -115 0
 -110 -116 0
 -111 -113 0
 -112 -114 0
 -111 -115 0
 -112 -116 0